Na,Mg,Al,Si,K,Ca,Ba,Fe
13.461839431163416,2.637539429124955,1.7077599294355865,72.36097397134637,0.4848484477398538,9.205488996113063,0.0,0.14154979507674575
12.337394858045048,3.647836511733027,1.254905105107296,72.91537793398874,0.6692850237602251,9.066484524391285,0.00042162590664213535,0.10829441706774319
13.372727729801982,3.1310704535685336,1.4647427029035505,72.99163632431944,0.5958869809030818,8.321914288059123,0.0,0.12202152044427546
13.301951440446341,2.8020020423271457,1.5865400784986352,72.83651005667122,0.5269378196182152,8.754026883730214,0.0,0.1920316787082239
13.708568690257625,3.737793671820776,1.838826017366415,70.91475565254537,0.66462138910445,8.989460484587914,0.00035459572574025395,0.14561949859170062
12.872844268390775,3.345149639128065,1.1749782347349795,73.018821150431,0.6074976561095397,8.879743841447691,0.0,0.10096520975794301
12.626446334995462,3.5302244440524704,1.4608391857289758,72.66511580497199,0.6555790219117628,8.787819041418475,0.000391668759049293,0.27358449816181424
12.982181382885866,2.792051112231641,1.8536355893579095,72.74852895119503,0.47950201451396846,9.068527867486388,0.0,0.07557308232918937
12.957906385288739,3.46349098210858,1.2436607436231315,73.87582695147061,0.6519973858012653,7.5640038745765095,0.00017436781309253176,0.24293930931807547
13.11976384809379,3.2582914792624185,1.292962119996731,73.18695218047998,0.5967875023249164,8.47381783640311,0.0,0.07142503343905263
13.628793169509537,3.946938184152555,1.4802254405985067,71.68234279491038,0.44513214128779277,8.670302718094739,0.0001452423997749583,0.14612030904670945
13.900870907968947,3.156617936928029,1.104689086843302,73.08663681358041,0.6161565685554614,8.003976387304032,0.0,0.13105229881982355
12.801147300665422,2.6936554186181167,1.3141656270108562,73.58346182418279,0.5094994403334258,8.874360067112123,0.00010581382243543903,0.22360450825483028
12.87807149741069,3.9958348698973243,1.3887071409429144,73.27255957721128,0.5300281836319101,7.784826015597818,3.040090437711233e-05,0.14994231440367267
12.460185029155893,3.5570687585353133,1.2200346226320025,74.10232037283997,0.36209836701446246,8.249733848709885,0.0007207055848274466,0.0478382955276521
13.744824867456915,3.5553153775916004,1.2944358065488608,72.3564976516212,0.5920395207703574,8.175682439624946,0.0,0.2812043363861237
12.881904690811467,3.77448286194814,1.7235036204356167,72.1704192832552,0.7302785785356599,8.718724129554467,0.0006868354594498303,0.0
13.57719033306729,3.5385759248541504,1.422969116787067,72.19274516671909,0.649158353084745,8.534516429079662,0.0,0.0848446764080012
12.3601994485847,3.8239727107629062,1.3051366684518435,73.42412737404223,0.6784365808436945,8.171254283482993,0.0,0.23687293383164126
12.994517730570108,3.3283747379595945,1.4375461015005122,72.88632064037593,0.6186594358940549,8.569981295395639,0.0003918040384130633,0.16420825426574034
14.105810720369847,3.2937452413881307,1.1841676841793884,71.9552330086789,0.6659937162844358,8.622087783103806,0.0005098336315388497,0.1724520123639357
13.455566743529458,3.269957531256253,1.6841595933797207,72.24340703816083,0.6284461319630653,8.619772791128296,1.7622026577661077e-05,0.09867254855581045
12.95721892812034,3.178625169455271,1.4717902585896092,73.29653511601052,0.5763585230379096,8.48117317082538,0.0,0.03829883396098415
12.879151061197538,3.3041389323908046,1.7119149783368488,72.98390095727511,0.5447610011922758,8.453123240554515,0.00035846751124359033,0.12265136154166205
13.503430165287163,3.2878780921188984,1.0733237347743843,73.14917864215715,0.4486330432076324,8.40255124684013,0.0,0.13500507561464853
12.55823975434237,3.0191062120500805,1.6051286742374533,73.19034434657907,0.5070056911179279,8.868337985550179,0.0,0.25183733612291764
13.460554638889041,3.390611215374586,1.109716414080968,72.59766905781757,0.5340793914076557,8.836188423760591,0.0,0.07118085866958711
12.500693924424235,3.0905884165032114,1.4857209224475227,73.49530170529418,0.5351762371694003,8.821248754985243,0.0,0.07127003917620818
13.167370932989058,2.925528144175087,1.0783487407803707,73.46406658618588,0.6870195185248726,8.431577577703555,4.586593961068394e-06,0.24608391304721844
12.940730320509303,3.590616720380237,1.1852314308875793,72.97451414968609,0.3238825256119602,8.74084859011386,0.0003729976909415413,0.24380326512004435
13.285682736560402,3.039710524532396,1.437284790963979,72.58930146730533,0.5160672659069747,8.925129047032057,0.0002048895716682575,0.20661927812719807
12.70485083069143,3.3138832937345986,1.318282012082544,73.2406286396223,0.5338519368824469,8.680403601076673,0.0008260048293676326,0.20727368108064298
13.062775549203794,3.3084983176675546,1.6634457650203116,73.53434729189661,0.35213125932235,7.862758692576945,8.490670667234888e-05,0.21595821760577494
12.661012891385678,3.33093275575258,1.266377936607534,72.78449119629099,0.751013106245791,8.947014093292443,0.0010628664584068199,0.258095153966567
12.609738239431106,3.1790568666402024,1.6373895570832708,73.61017073607927,0.577400102545624,8.14138630420539,0.0006955701818567408,0.24416262383327964
13.515442546647193,3.6795336322746715,1.6726798672724645,72.25553703382387,0.5536461167475271,8.146117989380219,0.0,0.17704281385404905
13.181057833731646,3.655649517707939,1.693111297746627,72.5107352506637,0.6197073974622288,8.251731059484257,0.0,0.08800764320360614
12.688791393093933,3.9797779224555967,1.10859399035752,73.16860285883371,0.5793848727611062,8.339390562811285,0.0,0.1354583996868618
12.446979364066634,4.246570683130053,1.3185430080947733,72.27607159039025,0.5968721853606468,9.081009369435282,0.0006028262945165517,0.033350973227854
13.309412954486614,2.734769404982477,1.593618963157929,72.62106783380337,0.3868265843027813,9.270624178040265,0.0,0.08368008122656638
13.57427784318688,3.1705600618877408,1.8784427017212264,72.15351633483255,0.4513345806646544,8.61356835830734,0.0007147707070094079,0.15758534869259888
14.066582503964645,3.5992437665641583,1.265617774779644,72.75474131522407,0.4939969745383784,7.615436576942562,0.0,0.20438108798654545
12.730963805986077,3.7203448085974733,1.409690122373127,72.80379974986174,0.7741970366517557,8.38196538142237,0.00010989213250119204,0.1789292029749547
12.644236842259513,3.4305471604633504,1.5156397170037579,72.50543180155172,0.7029024897357781,9.076882469672164,0.000584034194168191,0.12377548511954044
13.972506230774776,3.778170506166819,1.3300591252650777,72.0091559360367,0.6867859964442788,8.083277453098102,0.0,0.1400447522142326
13.088720921559116,3.137941081212785,1.5533869777379974,72.54092998535579,0.6194802519883603,9.059540782145957,0.0,0.0
13.217078627756067,3.181644790755859,1.6820463777618468,72.53388965148795,0.8788706700945835,8.343213699532605,0.0,0.16325618261108754
12.595435869861927,3.8903895772344077,1.5800733095519772,72.60725170196885,0.5995061422363314,8.57677688768848,0.0,0.15056651145802935
13.717677043987402,3.762679539870779,1.3690073170213413,72.58113131287425,0.4531077287049841,7.968275609962537,0.0013992614448561358,0.14672218613384233
13.118924484656802,2.633240268157952,1.1505485907666877,74.16155913070357,0.6230722330802595,8.247272868651354,0.00038894266920780335,0.06499348131415905
12.816696513506523,3.6581016105285604,1.540141794086836,73.17064463803639,0.7379157911411528,7.984828594337478,0.0,0.0916710583630601
12.670754245215573,3.2062368917169857,1.1263650893509465,73.55696563304859,0.43377524631759906,8.790781127037395,0.0,0.21512176731290422
13.669635853682777,3.164558839563397,1.6242765284350824,72.41567653107714,0.5410617281725801,8.501123386706764,0.0,0.0836671323622603
13.387871292345485,3.0015619014790325,1.3552282362010035,73.74377260424895,0.5080911648869642,7.8163063509976665,0.0,0.1871684498408998
12.811821941766667,3.160917558911412,0.9853636729168186,73.11810105963046,0.5239022330437574,9.339478494337511,0.0,0.06041503939338854
12.794436420160649,3.5255362571438003,1.505551656903473,72.90274352910296,0.7488391171828954,8.38444513104007,0.0002824004004819368,0.13816548806566803
13.220495965210034,2.52795276499501,1.5907981193632361,73.08509832973598,0.517822572034235,8.818703270633819,9.564402621398359e-05,0.23903333400146512
13.335102806979608,3.8002929080332986,1.4330065635050866,72.13653146286406,0.4657215012274095,8.559672288651125,2.556840147935986e-05,0.26964690033793826
12.816985406379368,2.717030462447748,1.6130322694074781,73.45744164031221,0.5600870303518822,8.581312462262227,0.0,0.25411072883909963
13.310432327715779,3.7301492859682774,1.0094467883149494,72.6236538750985,0.4957024526686278,8.585993005192558,0.0,0.2446222650413249
13.262395324904658,2.503353255488415,1.2481362134776115,73.18980002197402,0.5550547356206411,9.1466984360659,0.0,0.0945620124687493
13.636657966858508,4.232915238290056,1.5799466006161549,71.78785396938306,0.5324079561312604,8.13516260714073,0.0,0.0950556615802285
13.816200578985285,3.3651817620584072,1.0481220326512262,72.52211179546569,0.7180293842138151,8.315910321244143,0.00036338679540408726,0.2140807385860238
13.400392797277144,3.574218277208983,1.3949104061009172,73.11517641731103,0.6193996821600829,7.780170725996286,0.0,0.11573169394555496
13.922162717471638,3.449868875701829,1.3862681064611853,72.05563805399981,0.5410161728674934,8.400572668894808,0.000513199700756451,0.24396020490246995
12.888869011612417,2.528732081155223,1.3480917302384172,73.6466591375873,0.43847573628038194,9.013629464374915,0.0,0.13554283875135067
13.057797035495351,3.301858201504737,1.4039886923362943,72.70924168100642,0.617989588738921,8.81869135912001,0.0,0.09043344179826611
13.429548420805872,4.0200321517451165,1.4192601310968014,72.38874889771367,0.5048466275083882,8.134477312836951,0.0,0.10308645829321418
12.988799727596664,3.2961719552186666,1.6677483142955767,73.09780651638272,0.3914160064239254,8.294953390937817,0.0006339968985136367,0.26247009224613277
13.407393311182952,3.5456472980314397,1.43439372913488,72.46108852713286,0.6932302761437883,8.336623059203095,0.0,0.1216237991709731
13.183001184950768,3.006259641629298,1.4659724935887997,73.44750422034012,0.5677984198626169,8.201100024971398,0.0,0.1283640146570151
13.629153877208067,3.167617943346999,1.274796874578883,71.84822129805019,0.6271478673952334,9.130374125594999,0.0,0.3226880138256188
12.322032763812178,3.2797463237350417,1.4288973997720256,74.24826829716184,0.5032439607620003,7.974364430128357,0.0,0.2434468246285506
13.006909619797542,3.6231021823009177,1.7333430530522311,72.83317730074091,0.628822819511045,7.970688764300619,0.0005873431464290159,0.20336891715030833
12.785222852685107,3.449029898111579,1.228176832353573,72.17347675016478,0.36045052447245696,9.655973559220518,0.0,0.34766958299198253
12.900297418218837,3.3296875691972,1.053708899221489,73.2983909278181,0.7814831863788391,8.51407998754065,0.000223005704211638,0.1221290059206722
13.207123930877572,3.7515666335214575,1.6337487543064415,71.98906977904477,0.6190162503234846,8.680305688754832,0.0,0.11916896317141992
12.287638086195196,4.097595603624841,1.6534077534222011,72.40499294897077,0.5917122565154441,8.766501343470349,4.221584386636749e-05,0.1981097919573377
12.838129677282744,3.660098482377494,1.5871525195680092,73.05649382863636,0.5742276318556078,8.071837147523109,0.0002744437001833474,0.21178626905650158
13.138427753133419,3.1199535126381064,1.3947166418112633,73.35076588475212,0.6378437101548642,8.252742705404204,4.3914818417804725e-05,0.10550587728757066
13.74825500322005,3.3032898937861517,0.8639227245324315,72.89611885283615,0.7362255465614828,8.274774720773749,0.0004109912182939803,0.17700226707169175
13.084012455148056,3.5936155763353304,1.5557137955311837,72.8226165279676,0.33451291567224584,8.609100872524937,0.000427856820659353,0.0
13.106860007498042,3.6372350348707805,1.1634224053471192,72.95689321625038,0.47783286674346437,8.563839020241387,0.0,0.09391744904883206
12.103635077795277,3.15008116321888,1.5812836268097175,73.54921554099205,0.6467449486624486,8.720790338170024,0.00030011056157372114,0.24794919379000344
13.674150449025042,2.9265569995692893,1.7291408837152875,72.37403587463747,0.6259307389277071,8.512480603477394,0.0008479858558764863,0.15685646479192375
13.181583769440454,3.3373816349674352,1.1019636359574494,72.3451403011827,0.6108216404521383,9.227452313813442,0.0,0.19565670418640818
13.870912683832364,3.1190969863750926,1.1035760176406773,72.25417965153748,0.6485350605953515,8.926972991262684,0.0,0.07672660875635358
13.224488324264446,3.6654739383366266,1.5524736545676483,72.35520529511281,0.4454276450627889,8.619400049273223,0.0,0.1375310933824651
13.132690520206634,3.553712906344171,1.221009701254447,73.52338846319304,0.6032967946494446,7.8166917465275505,0.0,0.14920986782472162
12.972896651965462,3.618756282210542,1.5490744948646014,72.20507897779056,0.7026306296418406,8.8001084524356,0.00013056002204988172,0.15132395106934138
12.897741970482029,3.411536949810509,1.2116045400993027,73.3933878756554,0.6922912624005676,8.291554585706876,0.0,0.10188281584533435
13.335314678668693,2.486848069949112,1.2635813645920695,73.88345655185644,0.5936493885936949,8.370964125775513,0.0003625600985402855,0.06582326046594188
13.240720382956951,4.04664555766077,1.454354485874611,72.1044086651234,0.6720259756783233,8.33470179084919,0.0,0.14714314185675528
12.844915832143132,3.2378360173688576,1.5456927067428738,73.53986232391865,0.5299136629331167,8.009607514862921,0.0,0.29217194203044716
13.193394075051614,3.4750392128974985,1.2579950367789476,73.42519019816724,0.570863729227665,7.890528665776082,0.0,0.18698908210096216
13.303483107417222,3.3073919276179184,1.7997927704516417,72.8805051931081,0.468329114503578,8.072446361541312,0.0,0.1680515253602273
12.918243303317722,3.718166917095711,1.2137934457588657,73.34403515696962,0.4612242657596801,8.161603280674163,0.000482696465212345,0.18245093395902173
12.439573178297225,3.5602876212222934,1.1606301965404568,73.39235741691971,0.4603854990820163,8.871681239642461,0.0003460499556673603,0.11473879834016067
12.540034754517459,3.1009745982788686,1.1425134898406344,73.16263222948984,0.6492310559107065,9.276394912643307,0.0,0.12821895931918678
12.869161942869523,3.08192510125649,1.307131238977898,73.36988124799763,0.447583748920914,8.830106921125983,0.0,0.09420979885157171
13.422264209971987,2.9574573910064785,1.0163685775865534,73.52882281616418,0.5685127745066825,8.204699732879138,0.00010737223511170598,0.3017671256498788
12.945189891442714,3.0979392296910517,1.3395512182553035,73.39894864034491,0.6271189371837921,8.356268041955326,0.0005406883113635184,0.23444335281554626
12.988944663229194,3.873248392940119,1.7745859235637031,72.25282286572343,0.6537181911145825,8.304347305933929,0.0,0.1523326574950326
12.67032044746765,3.79053032028024,1.9194818159017697,71.89824851136373,0.5415671342248952,9.098738523590956,2.5598254072544502e-05,0.08108764891667238
12.737099495036619,3.4128689536925836,1.5019302256122007,73.38876690451752,0.36421855771309786,8.547852930841474,0.00036643951183895103,0.04689649307466149
12.438822073543012,3.4365650430447734,1.2334604430997382,73.42347473966285,0.46244332983680814,8.902103231435643,0.00021015846214888516,0.10292098091504369
13.299103159554102,3.5077487872822792,1.322370510713919,72.39982342259366,0.4779949887725357,8.972633453797993,0.0006556980484379324,0.01966997923707898
12.5752443116438,3.3541791744111595,1.6884953936495928,73.04623645462851,0.4878842250454145,8.661602779023074,3.7829558098191054e-05,0.18631983204034303
13.719692766058927,3.124934388034604,1.6130585697348137,72.80953206369179,0.6753504321215252,7.920427376174042,0.0,0.13700440418429016
12.849334441947304,3.2949579999745073,1.2300785718836154,73.06249360664465,0.6245099367231899,8.897867591392835,0.0010229280840793064,0.03973492334981795
13.195649832797285,3.3992879954127995,1.1896621121946849,72.83234559469341,0.7334975115922572,8.436023070396036,0.0003258766048197463,0.21320800630870881
12.614748643091952,3.522150785995073,1.6232108090954136,72.98036126207602,0.5535512448786007,8.644246944525642,0.0009578394942157084,0.06077247084307134
13.263573150054684,3.9879571684629824,1.6771963950472102,71.44679429219467,0.6978038856597751,8.708801527966232,0.00011808266547452866,0.2177554979489894
13.021198270496056,3.2971987853622564,1.3970744043541157,72.44541690512314,0.5707032137640929,9.072045413555859,0.00012808282817421105,0.19623492451629262
13.068401498171474,3.8357801199995327,1.1746727962421617,72.47162186817891,0.7145832311611849,8.487944694503398,0.0,0.24699579174334751
13.854167125175218,2.6194974071496535,1.3089658543850837,72.95970136174792,0.5976239994916221,8.601129784115038,0.0011221322733463341,0.057792335662108764
13.81569857671416,3.200732530623196,1.2265847464028918,71.76380993921305,0.7801463060617168,9.034764139135012,0.0008121998029613632,0.1774515620470146
13.03122366292362,3.457097619135076,1.5777904159988803,73.05861108941727,0.5496122241758385,8.097604204688047,0.0,0.22806078366126267
13.370581611993996,3.6488673200699027,1.1835197919718068,72.16012088320404,0.5912122096892064,8.980624368910306,0.0002154263761713011,0.06485838778457859
13.25361630335175,3.784122165832948,1.2363109784233515,72.06679977531988,0.5889007065499644,9.069626059796688,0.0006240107254189386,0.0
13.325502133535128,3.1620406581903744,1.4406322736665582,72.13652785870983,0.35325449654128976,9.41091665847911,0.00037299493678003557,0.17075292594094704
12.602715570142077,4.178405363681158,1.5206550593106893,72.1117993645475,0.8414803990509717,8.620751142675262,0.0006178316808859922,0.12357526891145713
13.146299269344906,2.7921270679271633,1.2459171568615433,74.82296679112244,0.0731356907003394,7.803865532513772,0.0006574237971029769,0.11503106773274213
13.545969572292764,3.5123362827946023,0.7794223963985591,73.02476046024174,0.688986590519593,8.302450617864492,0.0,0.1460740798882544
12.522272209055927,4.244234883612953,1.4182923719624625,72.63931413759595,0.6641494209704994,8.301785006085593,0.0,0.20995197071662078
13.352751668434268,3.9316127882827208,1.6363102874777635,72.02119756425374,0.7797621124808524,8.073366256160721,0.0,0.2049993229099267
13.573167672217258,3.424789866598498,1.294705409406022,73.06826335126603,0.44123405060206344,8.08078815305894,0.0,0.11705149685119297
14.34625666610683,3.1131083015998375,1.4354093342376772,72.0486146304671,0.6323497495528855,8.280953770171081,0.0008635601452064006,0.14244398771939007
13.023925973050014,3.7789462696768124,0.9270619101674823,72.05152693122909,0.5027727831684135,9.4878622569462,0.0,0.22790387576197857
13.027119735440492,3.1980494397527677,0.8683768198581796,74.0081586299867,0.515207203227271,8.344060497857889,0.0005970242405151674,0.03843064963619542
12.54773588182409,3.415483887939434,1.2351004370760716,72.64850175375504,0.4342827878991765,9.596692590228786,0.0004517663341510513,0.12175089494324927
12.446354686759808,3.6037374321196,1.5057838548034375,73.47114572667273,0.545246716213521,8.185554488266567,0.0,0.24217709516434294
12.83611041219668,4.285864877325419,1.065179576583344,72.49446603999675,0.5727386583153445,8.479213170454331,0.00019075745628638617,0.2662365076718457
13.480881047984624,2.858810028738414,2.1182900977355272,72.67614036395818,0.4319375777690114,8.278918376586612,0.0,0.15502250722761696
12.806136346579542,3.5225236858067177,1.649566963453703,73.22960374770149,0.4708107111097165,8.15902883973838,0.00040972607193398173,0.16191997953852078
13.113065909495992,3.8420827903644583,1.628598061164591,72.46376312287948,0.6804880410792752,8.085564214249732,0.0,0.18643786076645966
13.357521949392021,3.1691354975964114,1.2587500892977423,73.23995247599363,0.4030956310301675,8.491353388686377,0.0,0.08019096800364542
13.498456360453115,3.186458460363171,1.4990167513501191,72.13605040752283,0.5598166211000176,8.835624383473835,0.0,0.28457701573690075
12.591448276832534,3.5313931122265965,1.2766184510034748,73.43098797799513,0.736987411959713,8.432420638709603,0.00014413127293740638,0.0
12.481577959131315,3.2367858555833195,1.757121532537567,73.25053771003797,0.5983589214468402,8.454784298084055,0.000302310545245762,0.22053141263368553
12.73813048994408,3.1925321227256767,1.3555541270566296,73.880409324784,0.6163033541366691,8.087014535121517,0.0,0.13005604623144126
12.765685238173246,2.730946415012883,0.9628677347444182,73.59755962749882,0.6038077463855354,9.288854392411636,0.0,0.05027884577344146
12.779043799207155,3.259220404988958,1.421063888433192,73.44381367655666,0.5454161634929567,8.40301013226513,0.0,0.14843193505594232
13.533707164732322,3.110434255055873,1.43441017787133,72.247539378767,0.6918932921619695,8.80565074060207,0.0008738053460469457,0.1754911854633748
13.388972149020239,3.7737090891452074,1.2502151933155605,72.29876611513357,0.7507170412678226,8.521334474604004,0.0,0.016285937513585324
13.191348553353642,2.9260275321229434,1.3924367886519038,72.44032034365276,0.6316610018331148,9.099922428267128,9.800461249443564e-05,0.3181853475060271
13.069712323192974,3.322883886861165,1.0788452039439893,73.11707217432584,0.6355491309330948,8.629371313148742,0.0,0.1465659675941968
13.344216199505128,4.332815429172615,1.4401531471820515,72.20035214094332,0.23055577546975684,8.166059526488123,0.0,0.28584778123898213
12.512468428496216,3.5796900737697386,1.2888850101471732,73.3453921467127,0.5954828172649611,8.526111313219662,0.00010616953203822024,0.15186404085751587
13.014709086710903,4.259704545593814,1.2576927856479545,72.75352069596083,0.4597193616542544,8.078196866285587,0.0,0.17645665814666242
14.073664820741806,3.5154064037545423,1.4957824175774692,72.51991114150582,0.5555285836515965,7.615339580951455,0.00015624097562098714,0.22421081084168984
13.889826547793575,2.6930418371509126,1.0301318554006569,72.72616104176015,0.6379343003037666,8.793547413517773,0.0005358014671151546,0.22882120260605265
13.289728589843335,2.9962450299251255,1.494546474175291,72.99638915873172,0.41524412772154495,8.701187575919832,0.0008436827302453476,0.10581536095290581
13.157185192891507,3.3959971306384786,1.420291469855678,73.4769554403608,0.3594968426934428,8.01821049122579,0.0,0.1718634323342981
13.402587396880401,3.196065481853648,1.062273239798695,73.50767253722282,0.6243421137941743,8.084399362850284,0.0003267584528779668,0.12233310914710807
12.76038635892321,3.526056693044785,1.3098281623603827,72.88947491176593,0.33503201892062073,8.937114098480409,0.0004960054895276718,0.24161175101512883
12.855254847153141,3.414378190012279,1.7545506794934536,72.44714712516584,0.6616573141434364,8.616240881872935,0.0,0.25077096215890615
13.269405179159072,3.035078036798708,0.9837857265700272,73.1358325283498,0.6433391241138692,8.771905757497848,0.0,0.16065364751066935
12.257672927193518,3.4998643795953304,1.486517826715645,73.60329058417332,0.5974015330054446,8.328826587141695,0.0,0.22642616217502823
13.768979391163766,3.361099565127697,1.5306571863557266,71.85936129041167,0.38925034007532333,8.996574770477588,0.0,0.09407745638821409
13.1739083969332,3.2451146289912054,1.3739328530371535,73.13320089187037,0.4947861321788942,8.510819787688932,0.0,0.0682373093002292
13.03769562732106,3.0137670417452638,1.655728418666673,72.53770133443463,0.6773994864726071,8.926555822399367,0.0,0.15115226896040007
13.580415238431247,2.9633271605639546,1.1331066476822156,72.69856111897687,0.6174437439782021,8.832563441016346,0.0,0.17458264935115198
12.672832034739205,3.2632188107511464,1.5116459954266563,73.10847352469612,0.32412546147044874,8.958723202728514,0.0,0.16098097018790125
14.035050331467005,2.961460738736381,1.6626514914573345,72.33340628347982,0.37607241255095825,8.489778321249291,0.0,0.1415804210592123
13.34252802420353,3.5256979447610592,1.5764235900673016,71.71595693515243,0.5424866794790125,8.997792202073708,0.00022573998238056419,0.2988888842805803
12.681249263845586,2.654274010252134,1.7879591687660108,73.74262326440237,0.6058969048276731,8.4806489448025,0.0,0.047348443103715415
13.656127726681397,3.978008885800916,1.5942689223968909,71.32487989726522,0.7231373916480787,8.638407937031973,0.0,0.08516923917550803
12.969098592789452,4.029246115785116,1.1805415384104312,72.57363356892864,0.5689528823287541,8.628502311132387,0.0,0.05002499062521681
13.09416718800918,3.9805529450998662,1.2286295535709022,73.64098148402296,0.34997415445690866,7.657040449700828,0.00047917587948145455,0.04817504925988886
13.689970980187264,3.4341167784609326,1.2756749850490978,73.24095837221978,0.5516929445215202,7.709322495650199,0.0004743983237537866,0.0977890455874615
13.048081169157623,3.0938638332070125,1.6490492768292988,72.86108000058846,0.6467756860619752,8.393676127839566,0.0,0.3074739063160772
13.358605973059163,3.091770316208016,1.0641965692089352,72.78774857932923,0.34281649018349986,9.142758651085963,4.760874557108863e-05,0.21205581217960742
13.488377477617357,3.3121383091955168,1.4401001128388498,72.65573464436666,0.4450586898424386,8.399034697603089,8.860003716977587e-05,0.2594674684989094
12.630740306652408,3.0421204327287605,1.4028146823264158,73.22664013550767,0.5223455137078569,8.96695812865994,0.00020453873326688012,0.20817626168368897
13.781538500051857,3.058365150008548,1.4361912102573842,72.87927940618542,0.5496447005232643,8.26865181783325,0.0011745790623094148,0.02515463607796921
13.158111009720981,4.057136333978603,1.0788613754650076,72.70306674456049,0.5205412316915181,8.373437649879849,0.0,0.10884565470356491
13.006052451239507,3.054093139750554,1.1628989525376623,72.43069668263992,0.7690087777615089,9.311968042960567,0.0003818366895733501,0.2649001164206975
13.21390357829809,3.821212628218753,1.2301458740515532,72.62403359809676,0.5374621137747737,8.378483598609954,0.0,0.19475860895011546
12.947397483279016,4.1017475766077744,1.8789297688580906,71.45710702889811,0.6493735034310644,8.76346670338576,0.0,0.20197793554019744
12.67692777183639,3.2897815459436894,1.60652988712033,73.27718292978165,0.4324259847935528,8.546518882205504,0.00018094670399344345,0.17045205161488003
12.779195399899951,2.914107252633947,1.1235040743074958,73.77541195278297,0.9258298763699314,8.419824523436628,0.0009317165157640016,0.061195204053292755
12.627054763717195,3.2641940847614337,1.6949180260864682,72.92078600068862,0.5351417291430317,8.694138429957045,0.0,0.26376696564620383
12.611689765781462,3.6568104799014547,1.2728683841252855,73.62344265475514,0.42796952492818496,8.089662731481479,0.0009528297438633435,0.3166036292831406
13.393226863683788,3.8196875071319436,0.9714865283973965,73.76075088593956,0.5114803851870057,7.280585160797732,0.0,0.26278266886257523
13.633231541294863,3.548756632579145,1.7205153586859534,72.62866061743482,0.47506074451057834,7.829851254090186,0.0,0.16392385140444052
13.302876215130569,3.2165098011024202,0.9011912106343258,73.07330028501566,0.6820089235501708,8.695049216233963,7.28748828032998e-05,0.12899147345009485
13.286527261603883,3.9608476386090685,1.6368475643556182,72.37286357933135,0.5660022310203503,7.990414049303721,0.0,0.18649767577600562
13.636598776327567,3.5264932125030306,1.899281899600301,71.85418384648534,0.5174199571827166,8.395064821833476,0.0,0.17095748606758931
12.840975786223492,3.052738154031914,1.576212275337777,73.60170562859538,0.7216941991617141,7.834760529705195,0.0,0.3719134269445119
13.011689596759457,3.509418826121937,1.452911315752366,72.43987029359094,0.6974971854001487,8.66811596128147,5.364944947112652e-05,0.2204431716441868
12.203642454507063,3.3907814635303084,1.4977738569967818,73.45857486978225,0.6100393004166061,8.649009891933924,0.00048071518150905274,0.18969744765156576
13.345234472786204,2.906145447864479,0.9782320808580481,73.60569812436975,0.5886585198361043,8.447893921742834,0.0007344554614213733,0.12740297708116996
13.095268688511265,3.309423292129636,1.2334242305367127,73.80694374675456,0.7445854299971696,7.612317061952426,0.0,0.19803755011822968
13.06833339719535,3.41196147708103,1.329701496538526,72.15182036467641,0.4908009990501598,9.392193886904222,0.0,0.1551883785542927
12.589455800816557,3.5679432400355364,1.604605757522513,72.54492142569697,0.7446850479084541,8.559281692995842,8.896761790777874e-05,0.3890180674062192
12.910957758578537,3.0896177447629607,1.7114561009040379,72.77008454898383,0.5919691311029492,8.813522377205851,0.0004752299148665424,0.11191710854697899
12.940142069069646,3.5576982846370546,1.384844535391704,73.52745227272325,0.5891460530165354,7.937163340765143,0.0,0.06355344439667955
12.614171694574697,3.1696347401974885,1.4027371786132954,73.34443283401573,0.3050129939776612,8.987804715639324,1.6590856124028887e-05,0.17618925212565914
12.950700821615165,3.673859796677539,1.7229039154354944,72.72087849794507,0.6576842780110147,8.099127456766315,0.0,0.17484523354940432
13.363022714925021,3.499134340072066,1.318070099932786,72.68618954643236,0.6552686316775639,8.345890187071111,0.00041732518879410976,0.13200715470030702
13.216178837787872,3.4930560139720734,1.6905294556316124,71.8397264180043,0.5758516244559628,8.877298875704092,0.00030613837773533337,0.30705263606634214
13.991248889383426,3.226361721276156,1.4123602517538518,72.69857671005896,0.4802438636752033,7.994683946760985,0.00036046670152384996,0.19616415038989202
13.436998977486885,3.4229027150444558,1.7947391675084072,72.63306411436525,0.44117495592283296,8.106736282095913,0.00042806119762706644,0.1639557263786288
13.297387362186818,3.283091589409494,1.435670654437947,72.85836522168177,0.4878621038430064,8.609034357724951,0.0,0.028588710716017648
13.292778726918712,2.977364092776108,1.3034150090676373,72.82407587141215,0.5356792326486354,8.869675584445309,0.0,0.19701148273144709
13.900818890451351,2.9397147258798753,1.8105795936828948,72.58204690967457,0.5443469463303751,8.188984616969844,0.0,0.033508317011072
13.276590457276615,2.9454396115084784,1.251593985164416,73.22206836944939,0.5362424216545927,8.367268048662059,0.0,0.40079710628444765
13.135302327303668,3.744708562883126,1.122291477851889,73.12135575930594,0.45072176516417944,8.353813592055463,0.0004777049638007969,0.07132881047193296
12.91089755227139,3.7108857479648902,1.8907889106794245,72.72771281400148,0.6886969956653699,7.934084979774306,0.00016942838510858814,0.13676357125803007
13.223212542433556,2.9286570781523724,1.9335474561445705,73.01002771250405,0.6906087333715405,8.021391395546681,0.0004900883786484303,0.1920649934685802
13.65826647296712,3.5529725711804163,1.1571512877025123,71.84437043240871,0.6298968750587495,8.927052879870963,3.0480280958011813e-05,0.23025900053057044
12.338356814718582,4.025626868570026,1.1284333124390113,73.60685641267914,0.4349411997410202,8.259399406059002,0.00024010834756157023,0.20614587744564958
12.382416714643842,3.0208461936152626,2.070392266227894,72.74565448219083,0.4844545505840659,9.122279839046437,0.0,0.17395595369166367
12.98058598156421,3.245088050272298,1.5549623342728458,72.95733791012158,0.3826226406656311,8.64920195399868,5.756105265572421e-05,0.23014356805208494
13.082571058070016,3.270542401326134,1.2878695873455017,73.20643323054713,0.5827980228612267,8.218052561083374,0.0,0.3517331387666025
13.438227150214944,3.343443973262992,1.2448422709912765,72.99315881719819,0.5023135763163503,8.338338661996534,5.6886756929729735e-05,0.13961866326277753
13.120427468000834,3.2787040300322667,1.6029007413987006,72.77601441501416,0.40663242331291916,8.5904160787055,0.0,0.22490484353561507
12.772568819139698,3.505450723562086,1.3471454793563975,72.61738627611798,0.5380078716328006,9.0391779114746,0.0002367022582935292,0.18002621645815062
13.203968612532936,3.6897234825290495,1.65896072258359,72.30131710407453,0.6601687707523287,8.463282346768809,0.0005070606720889741,0.022071900086657978
12.665375586042627,2.8788373217414414,1.5478984884423848,73.37970183316705,0.580816154432422,8.838022648534016,0.00019607934016885315,0.10915188829989023
13.356536405457573,3.3925916394465636,1.4749839020832358,72.911770304186,0.45659367663929895,8.364178140877836,0.0,0.043345931309494184
12.790425861958715,4.112676778768185,1.6048464583606314,71.86563008560682,0.8108376771366347,8.603157597485346,0.0004436287924567583,0.21198191189119087
13.82104367051564,2.8849516345726625,1.305986803923466,73.48987909966834,0.5480693823044298,7.8392623867721785,0.0,0.11080702224327671
13.08726070908767,2.981561190222509,1.189048649548199,73.72795061299799,0.6984279981425326,8.215258897011573,0.0003209359558069529,0.10017100703371606
13.367304923913307,3.4881666220330354,1.1623789001999076,72.52087395615061,0.5447726836364819,8.663564013785345,0.0,0.2529389002813044
12.481073306858296,3.7420782726716877,1.3964585219058665,72.58200294081962,0.43068593620999074,9.124593306738786,0.0,0.24310771479575308
12.921481603737075,4.133227806536777,1.46068474059972,71.82293960242873,0.6265799957008649,8.708847969819479,0.00022555977804125822,0.3260127213993214
13.499104271670607,2.979225798779208,1.2110234428745654,72.44779673600718,0.6105153550656941,9.126890974528026,8.54615950788574e-05,0.12535795947965075
13.091870877041565,3.4511988394916364,1.1645151543369605,73.98226751012997,0.49096804649725784,7.743797504162342,0.0012879978003338826,0.07409407053992095
12.729716002854163,3.6910521745209035,1.245844954437162,72.47969547215753,0.6344598431276576,9.024826107389318,0.0,0.1944054455132635
12.574472713524232,3.941597336169018,1.5172299852424536,72.93422377231032,0.658647519416315,8.324491524501964,0.0004861140945501417,0.04885103474113983
12.76617044471209,3.444479884283773,1.7890093019669073,72.50252597272613,0.8171663371729567,8.540980360565314,0.0,0.13966769857282596
14.443096374573154,3.0205158225574023,1.3911630151683958,71.41239782031859,0.5927249198674688,8.952032568908766,0.0,0.1880694786062317
14.092918975263194,3.5235462988000608,1.1987316199354856,72.29996450668543,0.4361790275051675,8.244353751325058,0.0002163427058818862,0.20408947777973074
13.94839074863007,3.165300478092464,1.4913190942921752,72.02851757619536,0.558147193134238,8.482770756546616,0.0003429142529185484,0.3252112388561546
12.514208937128291,3.394904967782549,1.4060648797076827,73.58519460042183,0.6291593781029242,8.450146743825359,0.0,0.020320493031361676
13.70225873528128,3.982407050873223,1.4361454620314995,71.8371416216688,0.5722171601182171,8.247317012320067,0.0,0.22251295770690319
13.867849183528572,3.0791043282955624,1.3203300126155233,72.44477077397728,0.5678956956311214,8.719427554192373,0.0006224517595740563,0.0
13.247019031310463,3.1988772592488046,1.2353554449621171,72.27273239115682,0.5274744421601755,9.364805040059244,0.0004869741350748298,0.15324941696728445
13.214984946194761,3.3549187944051813,1.5832907476259745,72.56728954978568,0.6857046335739856,8.400180325056787,0.0,0.19363100335760713
13.195925579649558,3.897011354767857,1.410376558747119,72.71728782539341,0.47606387051257154,8.099448444517735,0.0,0.20388636641174773
12.909391812711984,3.231402223432912,0.8161543392011964,73.68612882682497,0.7145438801502738,8.493320296667159,0.00017147250219718706,0.1488871485093042
13.246597518270958,3.4246769080282404,1.4039223225567767,72.77727718900462,0.6385111024487109,8.288748027828138,0.0,0.22026693186255253
12.689548847073329,3.2065154347268563,2.163879580670412,72.47385434399723,0.4272452030982611,8.694747220150099,0.0,0.3442093702838169
13.633641325462776,3.842844972969057,1.0299630529482084,71.69898455999821,0.560574353362543,9.017194747738822,0.0,0.2167969875204078
13.338643488049087,3.6597818224455905,1.5466798309822403,73.1138718775087,0.5244942230507836,7.616480493900142,0.00010939429104432989,0.19993886977241568
13.28624889856017,3.562572459841209,1.8194964910008369,71.67128562503298,0.7170116248116765,8.794523300621893,0.0,0.14886160013123417
12.86931887060872,2.9956216324910545,1.0630929217883942,74.19124279057638,0.7931948039460147,7.797902915222222,0.0,0.289626065367237
12.155131039291028,3.0659300534513947,1.169878595632938,74.26649985479897,0.42602220541694086,8.840986848865983,5.828557801672167e-05,0.07549311696472633
12.288672109442333,3.030687783625154,1.6082351936740686,73.31961440881591,0.5748761924069449,8.967298387983536,0.0,0.21061592405205737
13.728706814438352,3.2800551815835792,1.753410815337249,72.1027831914608,0.43580998638460344,8.435288673631268,0.0,0.26394533716415686
13.279663183077172,3.7120342583580483,1.2826127649032937,72.15902193689615,0.517809284204322,8.919979230308385,0.0,0.12887934225261394
13.0726188480539,2.9977445548252755,1.266905827139141,74.68156842695329,0.5866313164886929,7.269003244756584,0.0,0.125527781783109
13.72893964355798,3.6990821596510037,1.7432280641308382,72.17874750207045,0.5349527812922208,7.935326863336768,1.2109783961801437e-05,0.17971087617678222
12.795662889528018,3.328904158542233,1.2387940550901944,73.36071637041752,0.49998771441970935,8.55016508274159,0.00025937369118926313,0.22551035556953716
12.81561307192468,3.578550323446321,1.1238705181928725,73.47442072830141,0.6126989511199177,8.196767777741059,0.0002070375777426898,0.19787159169600108
12.866209107758735,3.535120304122001,1.1911643334326996,73.4783091159679,0.4703951538244568,8.110962428638613,0.0,0.3478395562555955
13.562384202072565,3.918383895409327,0.9674643755724638,72.4679498380188,0.5758939935751444,8.326164119350715,0.0,0.18175957600099066
13.864090732579113,2.7664619247294153,1.7775519143966023,72.1893108794315,0.5677326630407659,8.67976636479591,0.0,0.15508552102669396
12.851823269426976,3.8413782545737374,1.177786477201533,72.21398463815858,0.5932646486336829,9.182530933053567,0.0,0.13923177895192038
13.693573683560373,3.3951245798901906,1.280773145312391,71.9414521331218,0.8265067101068744,8.581934023147491,0.0,0.2806357248608833
13.60487352527666,3.310926106200692,1.2435919592368934,72.36343509880757,0.6521265231466074,8.603248280445582,0.00011675051221615272,0.22168175637378632
12.720276132437206,3.496901384373136,1.1653450283542661,73.57740254680596,0.6950028913397676,8.15521668117233,0.0,0.18985533551732997
13.571344625048475,3.3665811312745695,1.3010831371744855,72.30064559186283,0.6275285357383136,8.790195383974305,0.0005849892452726738,0.04203660568174705
12.821715167118525,3.0362896038833886,1.3011417545342066,73.30841179338783,0.41711099852625927,8.946830878343933,0.0,0.16849980420584543
12.682403641964934,3.3243006379259756,1.6457218036324335,72.65873894526437,0.5987247354159939,8.855318654496774,0.0,0.2347915812995141
13.117154461779611,3.110445129529762,1.6976879557385784,72.94568164295941,0.7095298199536044,8.347630630752489,0.0,0.07187035928654997
13.234309970712644,2.5704204601612712,1.5991593651861449,73.09107321252533,0.6794560298605868,8.681518815938539,0.0,0.14406214561550046
12.948481594630941,4.019503865794191,1.4853721154235109,72.52923381488499,0.3399073372715059,8.49663690347712,0.0,0.1808643685177343
12.976472417006718,3.111552761099254,1.4479597506872552,72.67283474759702,0.762164852326418,8.969316533555352,0.00026247050301791053,0.059436467224985336
13.239918331672365,3.407533605878517,1.2560171985093227,72.87109238761187,0.7130670634974445,8.492378704149486,0.0002899446202485813,0.019702764060753896
13.552132160372,3.032616815027361,1.3568405624326803,72.3100458752716,0.4451442342821878,9.156565802285915,0.0,0.1466545503282444
12.931206263236596,3.7855172526989236,1.423468636381601,73.03494755380248,0.5155759519016797,8.126270626009601,0.0,0.1830137159690979
13.044690464982272,2.8405748760368517,1.3230041063690041,73.29797389393129,0.6485774828519806,8.627039688372019,0.00010666713483317812,0.2180328203217561
13.133714810766904,2.9666803781276045,1.6134575503658428,73.27799648417927,0.3231401441004812,8.648903785011763,0.0001861673478388518,0.03592068010028371
13.048410197681708,2.8657494857637897,1.3206072292034443,73.9333984393292,0.5847484394162359,7.938817514779689,0.0001739456062244389,0.308094748219721
