Na,Mg,Al,Si,K,Ca,Ba,Fe
13.125720381925579,3.136808254779547,1.4353565521829934,72.81629399272487,0.20017226304465446,8.644568940700845,0.22566582687456682,0.4154137877669505
12.940038016773917,3.6072487226509273,1.6826012595742186,72.48669967500172,0.5172727472912507,8.514088575271657,0.0,0.2520510034363033
12.645275582128143,3.113013765757885,1.7080069340642503,72.44581068106626,0.5313750741504396,9.206331752887207,0.05338551994070142,0.29680069000510106
12.824230413162251,3.317087992550685,1.6623621773656831,72.44514118307485,0.4217051115869951,9.069278045089199,0.07191320663486565,0.18828187053545706
12.707278173461434,2.8392285143198177,2.4262153236525563,72.70613659977747,0.6374243805944024,8.464940763964977,0.18014072675390247,0.03863551747545515
12.72947163213679,3.3627536306369357,1.594927232082556,72.95684010530744,0.31275764366955006,8.81472929710792,0.047526904109501576,0.18099355494931924
12.950312680116419,4.016061601660601,1.3590190255366448,71.82199739541949,0.6205396716430556,8.815292562182707,0.17138414001799424,0.24539292342309005
12.88964794320879,2.3591065787735013,1.3521781920035374,72.89344398851902,0.7139185492433293,9.338643256961209,0.05576021897605282,0.3973012723145491
12.913178652597285,3.541842750563611,1.1849681714588551,72.80602049850341,0.6390344428131325,8.58858523781266,0.13389840553351315,0.1924718407175357
12.67481733651037,3.577437896493962,0.9671751120300122,72.79153428130478,0.44494612777394554,9.109581235965656,0.13720851111973156,0.2972994988015385
12.818625350923462,3.025085848976629,1.1327268734490175,73.56732566015081,0.5345904248150266,8.457975751842573,0.20095934696683948,0.26271074287563123
12.92201242584584,3.0622274202081896,1.2177680223369167,71.97671317540006,0.8603144002266626,9.483814437497534,0.0950727248056576,0.38207739367911975
13.306524263389516,3.0921892559325173,1.5609508808212438,73.30725510250213,0.3635061402749697,8.039756365449348,0.10998866824296621,0.21982932338732572
13.096355027294727,2.702107617594191,1.6681359831359008,73.02276623224199,0.3634641935946444,8.710436103824001,0.22815989912054252,0.20857494319400802
13.130734376901094,3.1389096384993187,1.3954744753619523,73.5417794474581,0.34419492267027274,8.174885050676433,0.010865899230367624,0.26315618920246386
12.831627257390076,3.4600385322698735,0.8801611350732005,73.01153967628643,0.7333562290760356,9.01595031101084,0.06732685889353511,0.0
12.363976859323728,3.4439273707925055,1.3636056860343544,73.00567980227689,0.3917498867791033,9.246076248338293,0.0,0.18498414645512815
12.977017624922466,3.0105160810985114,0.9379138784874707,72.63384526433718,0.3134810233083199,9.87700942097029,0.25021670687574343,0.0
12.775814134502479,3.993418125577795,1.4162386473419621,71.33099357208106,0.46597718897785156,9.602676836327278,0.04465005027829337,0.37023144491328996
13.216666983254063,3.3324018852958104,1.8451526542185126,72.5222024211679,0.2369481919839614,8.608594995873444,0.1936930064917897,0.04433986171452001
12.791733193501962,2.457311884739102,1.6041279855179635,73.4473389100596,0.2900260839181086,9.096140857865072,0.17952863608531539,0.13379244831288387
12.711073205583729,3.5453815622880747,1.0639494288177955,72.9928265900242,0.5647178054843051,8.601601053425135,0.24415986317146238,0.2762904912053143
12.809617842192967,2.8845520195709,1.4334675330893556,73.07244497649373,0.5386621567568177,8.978386731623182,0.044574824302917516,0.2382939159701402
12.860030569380182,2.9890906692016017,1.3256230515898282,73.3445220589587,0.10157640630995345,8.951634846356466,0.15166953422156765,0.27585286398170517
13.13647624442984,3.2298598391963123,1.2373632763032123,73.04707763679161,0.5572086277581604,8.619548137288279,0.06006325822591812,0.11240298000666062
12.896659752804482,3.707983347637495,0.8080481417573124,72.35458737317656,0.5106421865235857,9.469006806042675,0.11219527879152563,0.14087711326635846
12.923377403712283,4.051990624901131,1.0912759145260318,72.09186919245624,0.6995660474549692,8.81228596016648,0.12589091283392329,0.203743943948952
13.235732484090706,2.8991979868922053,1.4416619880888912,72.63796154653164,0.7499384510449933,8.816459475473286,0.0,0.21904806787827358
12.695555919555684,3.8451451322256562,1.6812128127414332,72.03308033937262,0.5874989329651794,8.90396503749237,0.04838552813736891,0.2051562975097126
13.19994413255243,3.637564122790095,0.9830033048646277,72.52305914430117,0.5205091363424095,8.836828342112694,0.037002345582804054,0.2620894714537682
12.758487914537277,3.316083229146683,2.028793288333156,72.83873305368355,0.7127088443556865,8.136365223883503,0.0,0.20882844606013692
13.164035981564282,3.8882641084589813,1.2098831410849118,73.03752194533193,0.07490220036553219,8.392807691590239,0.12477046276020498,0.10781446884391044
13.00929236807818,2.873351216368691,1.306311765120488,73.1187766978639,0.4651049242107462,9.031361331223941,0.11789124246643379,0.07791045466762281
13.038401974936745,2.17481731108762,1.4017527233348672,73.96035719336801,0.324826929902598,8.766663892269202,0.24841672887407693,0.08476324622687206
12.944463007246018,2.8442935532290847,1.3805341958410862,73.21190950617613,0.23344270286913169,9.01294298993851,0.08307842076200808,0.2893356239380255
12.896020953746383,3.875408709132656,0.1963039450761108,73.20209344285328,0.6037557876364759,8.898981009271527,0.022154081001679565,0.3052820712818763
12.918133439414715,4.279777650611034,1.2735670287351706,71.56550128578813,0.35283776923077764,9.526909446562001,0.08327337965815707,0.0
13.110585565332071,3.704057793621147,1.370084895431831,72.09377341968265,0.4267299776024149,8.86042494560188,0.0,0.4343434027279886
13.121494286255952,1.8281376179710995,1.86132058343795,73.24625868318935,0.27113457513255906,9.33113238577446,0.051446113752224555,0.28907575448640555
12.801812934590165,3.0369930466521127,1.2315746375308863,73.1244116182687,0.6151075999369096,9.041734667942343,0.07250265980157569,0.07586283527730955
12.98091436951741,3.117747159944326,1.6715835288978371,73.08562224456726,0.4497990766477655,8.412306502014793,0.1041573126942807,0.1778698057163242
13.076054742686154,2.5110478809080705,0.6257733346456917,73.9357852202453,0.4722417523916253,9.166581447815348,0.0,0.21251562130782736
12.844103040557778,3.5160531681077085,1.0062432440676152,73.47622428780392,0.49319403769647197,8.531426509708394,0.13275571205810965,0.0
12.680219699636625,3.0167681256682237,1.2311940243733646,72.33582978298558,0.8884887479323312,9.662392357695595,0.0662942215721634,0.11881304013611955
13.412318062066113,3.0414713760619536,1.2233979245523283,72.7168387281438,0.43065649923266025,9.175237032460783,0.0,8.037748236419887e-05
13.119520964948912,3.5888875308745405,1.3770814395647524,72.84592765466392,0.7577053601938747,8.31087704975399,0.0,0.0
12.966498159423237,3.246969974641384,0.9964343705516704,72.81971347998899,0.5797698812774127,9.39042474540164,0.00018938871565152916,0.0
13.47566425651974,3.7386533615543365,1.6659626571030357,72.4100212151913,0.0651531428842732,8.644529422705366,0.0,1.5944041930018778e-05
13.384601551743582,2.7719993591638517,1.4622096136787306,73.72448004317597,0.6859358669328317,7.970625135875901,0.0001484294291395549,0.0
12.904651147394501,4.078778707578914,0.9075716358288313,74.09887058262547,0.1740407898621942,7.8360871367100975,0.0,0.0
13.954911685074281,3.688648878484124,1.3356013599274805,72.77569370176917,0.34904452158754345,7.896099853157418,0.0,0.0
13.955772635141095,3.782041468645123,1.527325651691296,72.60739745865321,0.6375300811481874,7.489782031427617,0.0,0.0001506732934610373
13.797150141692953,3.80056895116036,0.9850001715049992,72.0272643581975,0.7963388038370443,8.59328537390216,0.00039219970499298725,0.0
13.002547789130888,3.6902599066584205,1.6122198889061155,72.32511068955328,0.4043922188721758,8.96485140485127,0.0006181020278547673,0.0
13.123155187053642,3.4469611192851444,1.8300490232014222,72.7941602016733,0.08855255851783077,8.7169540130462,0.00016789722246152196,0.0
14.000711753312324,4.333643972982651,0.5398623805378042,72.84033545310012,0.38517525584253054,7.900241497673634,0.0,2.9686550943610995e-05
13.013743351476307,2.6075861179500106,1.586653628153174,73.6433914922978,0.7302244209108408,8.418290576138896,1.8327824190850354e-07,0.00011022979473974816
13.542122133009201,3.0226082418585247,1.4906931192029902,72.99682675047721,0.4159609086011417,8.53178884685092,0.0,0.0
13.520493444518394,3.947617849743461,1.4214004344834783,73.44004658418021,0.008460061907640959,7.661746032456554,0.0001939827883065475,4.160992195290467e-05
14.132300255786479,4.023345504941629,0.921431363323262,72.38801765980185,0.5418132959515276,7.993069859133967,0.0,2.2061061289178954e-05
13.513454811592242,2.9206062313076893,1.513705049564992,73.3332434867561,0.7701468186539997,7.948691356239448,3.960251626771222e-05,0.00011264336926839391
14.18845023066185,2.9929364473910964,1.6839182905134389,72.66494652826678,0.539654269452247,7.9299190823086,0.0,0.00017515140598100824
12.44957341762322,4.421446375096383,0.7659354260941867,73.57535371699241,0.7304517662313307,8.057239297962484,0.0,0.0
13.410809465929816,2.2918697686216025,1.7162424594767314,73.75950410329624,0.13011460790524818,8.691098700708567,0.0003608940618039341,0.0
13.968133836531365,3.5264475459667386,1.37901805158382,72.0993666638277,0.07864324968826523,8.948390652402116,0.0,0.0
13.17142345050799,4.303511817848869,1.189527873611149,71.72557444572018,0.6770162610946593,8.93294615121713,0.0,0.0
12.969078308328319,4.340702320024063,1.1720377909603252,72.62168128996267,0.27055144760243893,8.625910851769898,0.0,3.799135230237151e-05
13.403599208463893,3.012578130113484,0.7241302336599197,73.09567376058165,1.1654024400398142,8.598419905633552,0.00019632150769463417,0.0
14.43243286521346,2.083105053730153,1.7527715188669852,72.94526169969038,0.3590294394099093,8.427399423089113,0.0,0.0
13.961511081496122,4.707551080754118,0.759112343160123,71.16145001276159,0.0,9.409834245510323,0.0005412363177396833,0.0
12.910472604068966,2.8703434274676507,1.5731465083993794,73.63502312974495,0.8397070151994597,8.170560217276183,0.0007470978434156603,0.0
13.833863215748234,3.334362153296244,0.5065697676293095,73.50308769202584,0.41325021704104925,8.408567482014806,0.0002994722444922411,0.0
13.285264330931442,4.12622761055165,1.1241059952401709,73.53636585273942,0.0,7.927859714725062,0.0,0.00017649581225532318
14.153404797571225,3.6374274293560123,0.8957533636218307,72.71260132279403,0.41949565100237823,8.181147076297329,0.0001703593571978057,0.0
13.951510876006946,3.1358265664502927,1.7005427816350982,71.597806292218,0.6355141653947031,8.978799318294962,0.0,0.0
13.978943202577367,3.0756912107787353,0.8417371942732265,72.0912129080132,0.5510316581142811,9.461347385098891,0.0,3.644114430134726e-05
12.70727934090075,4.256730741012081,1.6186405196035316,72.37823470509143,0.4255817925788364,8.613008976908063,0.0005239239053052271,0.0
13.16578646370712,3.2653269252017028,2.0906960233583134,72.14186228639235,0.1268572965659589,9.209444568802398,0.0,2.6435972151183966e-05
12.053636949859753,3.3547448349542695,1.6259850971677738,73.61389853457939,0.8993500521319863,8.451661034141551,0.0007234971652797191,0.0
13.106633431633961,4.120044535409903,1.3778659663283057,72.14506499024264,0.2884695680088239,8.961921508376358,0.0,0.0
13.397714847299051,3.7868813679539572,1.762955601871934,72.15316957937715,0.6591372927524493,8.239344990660255,0.0007381185271666503,5.8201558040371386e-05
13.696113100499693,3.7817746205007015,0.9735528344101122,72.61517357383295,0.845466225860575,8.087370179177515,0.000510751532990861,3.871418547865734e-05
13.621427607027883,3.2831202406457676,1.055108667456609,73.01601432860525,0.8443772963158214,8.179688703534708,0.0002631564139488705,0.0
13.92625081334245,2.9534766068330014,1.240151305513883,73.44304771008375,0.09723351348266408,8.339840050744254,0.0,0.0
14.032139026755601,3.5811245882543257,1.502981960125244,72.28977251266207,0.6926242169208285,7.901100510891066,0.0,0.00025718439086959557
13.750963441804371,3.9826486003168418,1.0014185020437665,71.11168998839804,0.5514229976813144,9.60160507968657,0.000251390069114086,0.0
13.708606084998596,2.5421983518383917,0.9202227371851498,73.91445417907728,0.32278543187027253,8.590926268920063,0.0008069461102400474,0.0
13.354162457124316,2.507760837440646,1.8115613201728948,73.49877196329481,0.5380627580862065,8.289478653372077,0.00020201050904977946,0.0
12.946534730556678,2.819624313179477,1.2486912981696188,74.04067891599415,0.038940177141142014,8.90490073328732,0.0005924749602080454,3.735671140482095e-05
13.549394495701812,3.5213256111992033,1.6116050053598432,72.0518953374904,0.8720044824027562,8.393467600620124,0.0003074672258637138,0.0
13.341327681234523,4.097349462124499,1.9324169448935284,72.00393109290309,0.5830266938089665,8.041857817539421,0.0,9.030749597789181e-05
12.775936715328655,4.128577854634158,1.1191261289101877,72.57617397620245,0.8611636191446518,8.538706212622643,0.00018028225706148265,0.00013521090019039543
13.099598056022609,2.000497458865752,1.0846157518336574,73.81146483583093,1.0114771297347085,8.992346767712348,0.0,0.0
13.296936354776056,3.0896482052232948,1.594629614515567,73.10798679067966,0.8605045575509722,8.049649073035699,0.0006454042187441146,0.0
13.118922683734429,3.2908192890111563,1.730993003358886,72.8255732505821,0.8809857443811007,8.152706028932325,0.0,0.0
14.106661460888919,3.6801575307605634,1.9049373725155956,71.24332321536023,0.45910203236317826,8.60538744432049,0.0004244949862910426,6.448804736752636e-06
13.775456050272838,3.074896844711923,1.3882790159649667,72.17779437262328,0.5787786698377416,9.004273210942788,0.0004953810858432825,2.645456060205906e-05
13.327279162222414,3.9476870512630207,1.62657623721716,71.43543990513876,0.47354896937150204,9.188730450045467,0.0007382247416759065,0.0
13.331087527069874,3.641924778969619,1.838717981978885,72.62241941374566,0.44188269358146304,8.123295346471597,0.0006722581829033674,0.0
13.262389552504908,3.9119997471280694,1.1521871984753682,72.55551455320739,0.5810907589975908,8.536471478394082,0.00033462427982192887,1.2087012772364324e-05
14.304290362709404,4.391419346613951,1.1073824177810403,71.24359200825485,1.0515625016247978,7.901661752629032,0.0,9.161038693034432e-05
13.69340225981468,2.7566200359207476,1.0605534881874954,73.51265680693463,0.6206882902412457,8.356032565176779,4.655372441314101e-05,0.0
13.266169629939872,3.4722055914189633,1.9375728995224135,72.43615331097074,0.21751197120838087,8.669393571416103,0.0009930255235372297,0.0
14.53199026962927,2.3471028565834255,1.0749786804582842,73.41090006443467,0.10446467188227487,8.53056345701206,0.0,0.0
13.411251744866043,3.443601248668929,1.6693933844573932,72.21860873417766,0.304565177142627,8.952294102390548,0.00028560829678766293,0.0
13.325356794155859,3.664161495737904,1.1915177887407964,72.44521515693248,0.48841514183333185,8.885169083595507,0.00016453900412585385,0.0
13.293047121344046,2.654972560416108,1.03595791246806,73.90487437179618,0.7948738062437111,8.316132315018303,8.72421944852702e-05,5.46705190956202e-05
13.121747913569681,3.904950846284757,1.535943753240632,71.56718002196065,0.9049909140489047,8.965012804543198,0.00015422667515609475,1.951967701431374e-05
14.234219870611154,2.8913324387302555,1.1566447998166016,73.54756815516808,0.6210266420251415,7.54920809364877,0.0,0.0
13.34027166068643,3.213907259594267,1.6322359406320361,72.00752623596411,0.6776983463087453,9.128044307749255,0.00017731488119672096,0.0001389341839583163
13.032883670293172,3.3441630715065425,1.4601677117658698,73.21947248111357,0.25128703639294137,8.691835791231247,0.00016482922724320506,2.5408469420155343e-05
12.850774127059266,3.1527476064735427,1.5689610904307805,72.92442544897231,0.5712463365202441,8.931756188000499,0.0,8.920254335203333e-05
13.683198678686045,3.6316971126768234,1.2003615165792298,72.79372207816306,0.0,8.691020613894837,0.0,0.0
12.33945834925552,4.306678664931065,1.587254607384019,71.9386773211422,0.17333542203295546,9.653816492789934,0.0007791424643103023,0.0
13.167652752242043,3.2174562990467233,1.640185514166106,73.02324467647934,0.717655050723432,8.23280062429593,0.0009135187509259051,9.156429549669397e-05
13.59506533315284,3.8877757901151195,1.0281977425956763,72.63524032327739,0.0,8.852848814304817,0.0007922918487615487,7.970470541379633e-05
13.80131237964275,3.070523900572414,1.1603182115552977,73.43550986951865,0.4887105361733364,8.043611849354303,8.521901646761983e-07,1.2400993076400655e-05
12.682364206635622,3.977290987136113,2.085071096676583,71.11581236519338,0.6538565305715699,9.485488461207103,0.0001163525796385125,0.0
14.448635406106757,2.785106661517178,1.1391030153641273,72.8246589767107,0.6009466520483542,8.201022570667883,0.0005267175849958503,0.0
12.991973238419238,3.0991586393360495,1.9734321269332202,73.78691849588968,0.5275729990673586,7.6203434025964265,0.0005321568365038657,6.894092152127246e-05
13.815849076508057,4.058106421414365,1.7834874639060494,71.50581452365347,0.49175606496480256,8.34495249057008,0.0,3.395898315082158e-05
13.144382821718265,3.6234647592937357,0.700219996876178,72.4331578016503,0.8738701358683396,9.224742231549312,9.66937904328729e-05,6.555925344439417e-05
13.652374924165642,3.1203894874594713,1.0738909427994516,71.95998838641992,0.714211521663477,9.478938582307542,0.0001642718038619857,4.18833806082532e-05
14.398935427692047,3.1268390283656964,1.1936022874710865,72.05177082151397,0.8339858201053845,8.394866614851827,0.0,0.0
13.657070413854457,3.024486992257903,1.381840643180669,72.57136683434526,0.8067239994718506,8.558421219552763,0.0,8.989733709439557e-05
12.130596065833249,4.088291765485455,1.198431949690847,73.19130311134808,0.8318335156604865,8.559543591981889,0.0,0.0
14.232221497118374,3.236508473305494,1.6272842803727756,71.52237662518607,0.6657841120283847,8.715753802283123,0.0,7.120970578222717e-05
12.316389753651046,4.390981752285249,1.1174907328986303,74.37674807613305,0.20802517566060086,7.590122951088498,0.00015278373985488643,8.877454306838504e-05
13.072609978111986,3.5874573272184107,1.5464204884761927,72.27377863885845,0.905946756515427,8.61275155325576,0.0008896837343906729,0.00014557382939516713
13.551029482414624,4.512581238295694,1.2298510146911763,71.87209825361117,0.3371927262105271,8.496954019816298,0.0002767225524603113,1.6542408046486094e-05
13.498159341910995,3.9236830188649825,1.2393540239527332,72.68089918823937,0.4284091525856603,8.229330163478778,0.00010674601741335823,5.836495006800886e-05
14.77867688242291,3.536196880936422,1.2436415513210706,70.98721342400627,0.8887540205993429,8.565517240713996,0.0,0.0
13.525021346810691,3.468653785434047,1.0224450440591426,72.82229189852862,0.26910386226930505,8.892254169000722,0.0002298938974937627,0.0
13.300028233055983,3.5589469477184004,1.7775563217459756,72.96192052025656,0.011403844634208937,8.389441398142486,0.0007027344463850692,0.0
13.941422280994805,4.3255341149578985,1.469670783648238,70.50551441144664,0.796380889805818,8.961413670823546,6.384832305255881e-05,0.0
14.013875486067741,2.889417904210036,1.061040865071704,72.85264258694663,0.37599974835565647,8.806642353256718,0.00022219324359554402,0.00015886284793290264
13.385934679143197,3.726952415345872,1.4638978470809945,72.92116520080175,0.5214529717316982,7.980264278813805,0.0003326070826834042,0.0
13.113289340590562,3.279212149600927,1.142456743415879,73.09100243673565,0.6979248804779605,8.67594056412501,0.00017388505401309438,0.0
12.73000202320599,3.7785791252247365,1.6763638621712817,72.36797036431996,0.4664603168062836,8.98042003541893,0.0002042728528068644,0.0
14.65731865954567,3.1029070617948804,1.3672643900662003,71.84757414250764,0.887652915248565,8.137182932809417,0.0,9.989802762984104e-05
13.616512151902116,2.8516548082868316,1.6809550597452243,72.35486760263761,0.0,9.495672137447746,0.0002607785197934224,7.746146066848302e-05
13.2145712634316,2.3909655994107375,1.582054127196789,72.87455291743956,0.9378762559331973,8.999876532219924,0.0,0.00010330436818819079
13.086627529999506,3.136457371906002,1.472621693867107,72.27255402962342,0.8213567460521566,9.210215642303314,0.0001461757365358981,2.0810511954049773e-05
13.836407661136288,3.184144169225885,1.1492886901955668,72.99742567275509,0.27761094742496883,8.55490489406107,0.00021796520112642956,0.0
13.539452600944367,2.9125927471814097,1.439730824710759,72.15982339239162,0.2705500945788194,9.677840230981383,1.8822823692211585e-06,8.226929273301748e-06
13.235854054815416,4.076873004582829,1.319219189382129,71.1387337410985,1.0016184017110161,9.227701608410104,0.0,0.0
13.161810287270571,3.425999506358189,1.2426208482554193,72.58891615797094,0.6070147575281677,8.973482101351697,0.0001563412650168505,0.0
12.474566412694623,2.6986714661602726,1.1159020201736933,75.25383466894151,0.1297218429436579,8.326783177836102,0.0004248104505713654,9.560079958297162e-05
12.096847793850117,4.446324965742654,0.6911323069826626,73.59614520844839,0.1567314948117397,9.012454180408962,0.00035306916615484386,1.0980589300351227e-05
13.608626678615556,2.7949929672037364,1.2027491129832628,73.63527189039291,0.7806345923079631,7.976319413779901,0.0013063437497813474,9.900096687038872e-05
13.79709647245749,2.7035514467940396,1.6645455774883513,73.12771374280172,0.7570203254667237,7.949987561444664,0.0,8.487354700394302e-05
13.063307468055207,4.104097962825346,1.1080322194662193,72.55706762188406,0.48691347060949136,8.68057014608761,0.0,1.1111072066950768e-05
13.251980429396971,3.335680167079259,1.973296827730946,71.91411494859305,0.8352218768258157,8.689566429980419,0.0,0.00013932039352879922
14.456134871421082,2.80986535585747,1.2736326330006618,73.23055856174028,0.02366494406532636,8.20613074820155,0.0,1.2885713636581421e-05
14.088630295511107,3.2031910383767275,1.203859092940762,72.09069541664779,0.7944461096929466,8.619019085926121,0.00011107181188550066,4.788909265466764e-05
12.786279201979456,4.967736969381383,1.3812081643107548,71.52238441017752,0.6489971799171589,8.69330327538722,0.0,9.07988464982901e-05
12.91565504451366,3.668321346298077,0.7876063537914649,73.90301622194569,0.7932004695002702,7.931949603108916,0.0002509608419071354,0.0
13.96002114125607,2.8696431035933703,1.2931072933722418,73.52506874890084,0.024952131119558366,8.32720758175792,0.0,0.0
13.50576972974355,4.066004986356208,1.3382658139764232,72.43677388885256,0.0817591827236282,8.571218997205039,0.00016445701825727423,4.294412433831787e-05
12.79678933986112,4.052181926150448,1.4820437826741122,73.50730523011963,0.4948954218488,7.6663095304589985,0.0004747688868966249,0.0
12.7139630005741,3.4625285711229354,1.2225665754021848,73.72077322942779,0.8506517808310675,8.029516842641899,0.0,0.0
13.620663823215601,3.243643026183456,1.3623846693758896,73.56881778190134,0.0,8.204316268069393,0.0001744312543251515,0.0
13.150543457228087,3.7650376490337623,1.143224582926908,72.7084452902974,0.8960762715627616,8.336547357018842,0.0,0.00012539193224116337
12.901929498423387,3.939256870826597,1.8256720115394338,71.53380217359347,0.8049422432541503,8.994397202362943,0.0,0.0
13.547582628747138,3.215820919634558,1.105743597413404,73.18597051196545,0.7641300372215789,8.180752305017881,0.0,0.0
13.491796994097268,4.432159953380579,1.1667810046887896,72.39924312365855,0.5873214110791006,7.922664230414012,3.3282681713244656e-05,0.0
13.39564580645449,4.335678866996797,1.3151055489571624,71.68884349818565,0.3424298804712529,8.92209562057628,0.0,0.00020077835836945716
14.210359070091277,3.4760629997574153,0.9171581688017151,72.7632203994319,0.1792284775819656,8.453191122699602,0.0006355438165981083,0.00014421781951222116
13.639720495609517,3.879714703517725,1.5534997372944697,71.79548645668959,0.5194542146571591,8.612068549124745,0.0,5.5843106798422774e-05
13.546716241272108,3.448938084618953,1.5122899831202141,72.5086852934825,0.12546032355219586,8.857910073954043,0.0,0.0
11.897296342486735,3.5084943704312286,1.932503395368619,73.57201114509941,0.2074527267022323,8.881508627778407,0.0007333921333703754,0.0
13.706994867710396,3.196513033780204,0.9186294385633679,73.36146303667793,0.45889698953668845,8.357172807091882,0.00032982663954936385,0.0
13.100915905720628,3.3234294511608153,1.198096404246683,73.12238072204377,0.8011564006783373,8.453519175433028,0.0005019407167483999,0.0
14.671770485257555,4.030366312215847,1.2086832056310377,70.5710399311028,0.8255955467990026,8.692224880792669,0.0003196382011000432,0.0
13.519455069242028,3.1172581107650674,1.6843924618923718,73.40286448084913,0.5619594206033156,7.714064056160909,0.0,6.400487164890375e-06
13.240761156987844,2.962698787017776,2.0616210855315433,73.19025760001611,0.0,8.544553258535522,0.0,0.00010811191122532975
13.30348916960772,2.7489812967146814,1.5032514199898277,73.55432530796229,0.4897855066850278,8.399945101122366,0.00017989548234673003,4.23024357354507e-05
13.134299502935892,2.7213270860139755,1.4104123099110573,73.22045034328708,1.1365489218872908,8.376288102528784,0.0005972428672376306,7.649056866528987e-05
13.821801811509804,3.234895321168838,1.6256458037526245,71.28395502990838,1.001692085855078,9.032009947805275,0.0,0.0
13.83259250873455,3.910284231002081,1.6451674237431355,71.30140647510093,0.30684228768946825,9.003295117544349,0.0004119561855016205,0.0
13.584524955449341,3.091842750051627,1.643537138557748,71.77043098365664,0.9343915222818691,8.97527265000279,0.0,0.0
13.28092676855254,3.569122782584068,0.7435384213371516,71.6863023266188,0.5512253115080132,10.168845220221273,6.914069847265514e-06,3.2255108311083384e-05
14.092387984828092,4.032485861751766,1.224896332534185,71.2084453307875,0.14567716575934064,9.295769159245578,0.0003343485570846065,3.816536443593758e-06
13.646356640039686,3.5327808364735787,1.7649038544379914,71.9660744236756,0.19038132460496612,8.899243976694557,0.00014334382061992755,0.00011560025301474996
15.053482442284276,2.576220502434225,1.357613672482408,72.41757375721437,0.0,8.595109625584735,0.0,0.0
13.173494039039062,3.7631833711501104,1.134713145300194,72.80726355441351,0.7301074395276311,8.390317684223382,0.0008597352190524246,6.103112706626785e-05
13.28610864825856,2.8526718680262317,1.060177327238125,72.577451382582,1.3224718655965344,8.90102781338413,0.0,9.109491442344708e-05
13.430620739429246,3.916930280216951,1.8022193023410866,72.84699242140614,0.5757248629361086,7.427511987982008,0.0,4.056884670124354e-07
13.953180491766538,3.544889027037414,1.5810854280809625,72.30294588040864,0.516139662543918,8.101147665970604,0.0005162709674509339,9.55732244689426e-05
12.816764353962885,4.0623954055006966,1.5167457354015406,71.30235686117801,0.5750815226757694,9.726441553783038,4.276586224274867e-05,0.000171801635809496
14.0863211630673,1.492136427091339,1.4094088449066973,73.53323933909692,0.7691797092140321,8.70971451662372,0.0,0.0
12.807279459762372,2.805368566437981,1.6749158748344677,73.54455435326878,0.4931543753731139,8.674511061559855,0.00014327865038090735,7.303011306488137e-05
14.10953980381691,2.6648472723256518,1.1948005574339504,72.69424363711616,0.9340089734603492,8.402559755846978,0.0,0.0
13.515605104225695,3.7491433750376113,1.2508893376519195,72.57658794713396,0.017356494152652596,8.890345315017875,0.0,7.24267802914232e-05
14.54280864346957,3.5408041534247,0.7068029311822841,72.62682150100366,0.0,8.582762770919786,0.0,0.0
12.904883768383048,3.8934300189708737,1.4799008474942539,73.27784372146161,0.1917425872555006,8.2520203665738,0.0,0.00017868986091995785
13.410880655663789,4.049432629404815,1.4092087036044132,72.09916371177852,0.6025933559901574,8.428720943558316,0.0,0.0
13.740974985841452,2.917938265051379,1.0528057814801888,72.70423489857576,0.43048965282112517,9.153556416230096,0.0,0.0
14.22458519797361,2.1844550258823774,0.751787350862235,73.35022762946039,0.5011533269844232,8.98777447585439,0.0,1.699298257210513e-05
13.851791488096444,2.8414603606264417,1.3665716742030822,73.43491261725671,0.2289875510557594,8.276276308761542,0.0,0.0
12.831805613735522,2.1970248332922693,2.0240228668316345,74.21208477728261,0.30442822248208296,8.43049763998472,0.0,0.0001360463911543289
13.315597848698415,2.853545920697673,1.0079261478015435,73.28860838171104,0.30057239884124454,9.233749302250073,0.0,0.0
12.770288029678557,3.7385646711975484,0.5000410912650433,73.44289791368716,1.1269199672066086,8.420814277531578,0.00037552630307735596,9.852313044064906e-05
13.751534249300908,4.09620199424447,1.129271331345978,72.30486690041974,0.5746088359799584,8.143282099572339,0.0,0.00023458913661226447
14.098540749384123,3.0434385864482434,1.1604656377134301,72.63189169496403,0.282085646253182,8.783577685236997,0.0,0.0
12.695822583388853,3.293815490595492,1.198851189697467,74.548020420681,0.0,8.263350042238507,0.00014027339867103813,0.0
13.520494854871977,2.7955766556662245,0.9555714228121911,72.99584299192016,1.1059761100209544,8.6263636224644,0.00017434224409414956,0.0
14.176562226345009,3.3229563969332205,0.9917548669229678,72.67243329890186,0.5312827629646014,8.305010447932322,0.0,0.0
14.290073644139001,3.7808083973650533,0.6919115181504495,72.55795081820456,0.5562357412729506,8.123019880867986,0.0,0.0
13.524931660312895,3.0384481886602477,1.5923964913525943,72.37478096119014,0.2991086468587587,9.170297142095304,0.0,3.69095300660453e-05
14.017518073515637,3.2514296922876977,1.390934736667254,72.24186669281153,0.2845636779841652,8.813619691098948,0.0,6.743563476913056e-05
14.096142701503206,1.9721624924390384,1.2764423170116237,73.65017211897946,0.32071533365582805,8.683737304130696,0.0005752169623829952,5.2515317752629365e-05
13.308082637663802,3.535529607016505,1.058350896903652,72.6481632195856,0.6075275173783597,8.84229995300883,0.0,4.616844326449226e-05
12.626861235604176,3.0208491898330085,1.347279115816138,74.15684813286809,0.7673519570485243,8.080810368830067,0.0,0.0
13.939343381080418,2.967645371224324,1.4331707477445748,72.85691681733654,0.3428962301587251,8.459917100983539,0.00011035147188564323,0.0
13.112079459738586,4.182115673344334,1.8254056178960156,72.60746110217895,0.1212799613863803,8.1514162811157,0.00023207746257930428,9.826877474585509e-06
12.35125589817109,3.427503732763902,1.2193623822431547,74.11692100231589,1.1441763745515314,7.74058426185017,0.0,0.00019634810426058058
13.098257489121696,3.46866707133272,1.2304139759794679,72.5390459023124,1.3924828053029703,8.270921660000521,0.0,0.00021109595021993018
13.426990376848208,3.2169842591625173,1.8978850273282595,71.6093804752103,0.23100847087810755,9.617743697253553,0.0,7.693319062822042e-06
13.637910846345568,3.714785259239565,1.1752199078159673,72.79264956301765,0.23570281494382705,8.443731608637423,0.0,0.0
13.51705699093554,3.859198453588221,1.1817456880847947,72.55920869018705,0.7646342552915603,8.118150419654139,0.0,5.502258698157856e-06
13.689030880889396,3.8588353453142363,1.3769923911619513,72.60056329143596,0.4131131262184086,8.061123913422874,0.00029927379584959425,4.17777613317009e-05
13.129988267459632,4.720797334126316,0.8187311549424353,72.78932552496578,0.639202566360398,7.901942940340498,0.0,1.2211804943391881e-05
12.971833348353593,2.805441322107004,1.5629458691628095,72.32138445755089,1.0535451452884756,9.284849857537228,0.0,0.0
13.308457066040168,3.325846283085144,1.8495988875388851,73.16549708444967,0.12629816737824565,8.223171831622384,0.0011306798855135595,0.0
13.704322181769045,4.279139438075063,1.6182429735901243,70.82769980844928,0.37276129232560884,9.197823890679798,0.0,1.0415111081883576e-05
13.985120961679716,3.0556942239357636,1.5193059172560741,72.90338355964832,0.5270490065831052,8.009279874367708,0.0,0.00016645652930753665
14.138766470399379,3.0229197586922587,1.2235618659357679,72.59854663772177,1.2567773296695417,7.759027547463537,0.0004003901177370529,0.0
14.498140785187795,3.6567496035670093,1.7239062637706966,72.1049452773485,0.0,8.016136415560466,0.00012165456552072622,0.0
13.40263378442781,2.987079204229489,0.36905768792482113,73.2944928534608,0.48964369649280615,9.456974648962026,5.991200413776095e-05,5.821249811988571e-05
13.19114796817144,3.415152959113071,0.6682516506178209,74.30025459768386,0.33362340640789984,8.091569418005921,0.0,0.0
12.609997266486193,3.1774987462763886,1.4721659608239028,73.25278087136557,0.5386563022167951,8.94889882515928,0.0,2.027671860710391e-06
13.913884506414249,2.604331299332181,1.5443123440844613,73.10076684483613,0.6422410839820147,8.193859705912052,0.0006042154389042305,0.0
13.861600551825243,3.6172894146012013,1.239616528011058,72.35961209687848,0.6143901581684512,8.307468811442979,2.2439072578369977e-05,0.0
13.59398111221962,3.274545386022529,1.0215776094753626,72.99860565149244,0.7444515571013935,8.366629164121338,0.00020835002876353693,1.1695385502116897e-06
13.344668935554896,2.621098127595747,0.8899732585956823,73.4371981411267,0.6376868654203,9.069331970029957,0.0,4.27016767069167e-05
13.95278191508461,3.1925296484227377,1.53019016669094,72.58437613331128,0.4594832773878879,8.279958446660244,0.0005645448894660679,0.00011586755283366026
13.306112007695896,3.339411733694884,0.9610435536027059,73.45552107719455,0.6464819251580299,8.291351031366272,0.0,7.867128767317567e-05
13.655084689631357,3.440733779302097,1.3404262010693886,72.98661839104604,0.0038963717780817956,8.573100618148366,0.0,0.00013994902466242287
13.301285873308496,2.838954534470197,1.4338003829867798,72.86238391483546,0.14803737865280683,9.414736250026186,0.000689085037887866,0.00011258068219949761
13.410417015579831,3.3804894361817683,1.3757610763035244,73.37364170252728,0.28375253469255585,8.175938234715046,0.0,0.0
14.15274988565235,2.5951129694126425,1.4632829645857326,72.45503695562746,0.913315455888188,8.41918555433384,0.0012051910613443332,0.00011102343843210617
13.5920280978346,3.859016526438371,2.172843625669647,71.2727162094575,0.13283971573286688,8.970465809865242,0.0,9.0015001772765e-05
13.196332320719513,3.6914636363914948,0.9198968017012102,73.24035394197023,0.7301594039290853,8.22173516471332,0.0,5.873057513579498e-05
12.910630055724493,3.6676374637299847,1.1708616158322123,72.82371205513518,0.2674972135107434,9.159239090398463,0.0004225056689338807,0.0
14.093751701614687,3.3005316646808134,1.5399909124913618,72.13405004093987,0.8098361822867093,8.12164580344537,0.00012456033030567394,6.913421088527899e-05
13.223167809488151,2.707788675280055,2.0369070203980346,73.23017601695007,1.0283832722266653,7.773577205657026,0.0,0.0
13.464236659657274,3.190369147541591,1.302738395626451,72.86200403971183,0.3988763531414118,8.781775404321428,0.0,0.0
13.663794488932503,3.4522273034637454,1.0329899661354032,72.88188784034044,0.20389462633621028,8.764500314135244,0.0007054606564651917,0.0
12.628946906589956,4.456262377862156,1.8115055819797168,71.94620784288762,0.0,9.157077290680553,0.0,0.0
14.023285519962208,2.6332929390021023,1.6084367749205823,72.7440134706956,0.7573383505445245,8.23306935431209,0.0005635905628902456,0.0
13.158208684212923,2.9426054193381117,0.7512376678369544,73.98067730833077,0.7726183657165927,8.394478691051512,0.0,0.0001738635131248068
12.802124033319743,3.6210063363129867,1.7817902554886538,72.2680944550922,0.38958202784906354,9.136848098060298,0.0005547938770561391,0.0
14.168793120599048,2.5796750053505844,0.7935805127890884,73.23877184001374,0.5288057382599356,8.68978446142172,0.0005893215658887412,0.0
12.862232957452912,3.039300618872994,1.0292546539318868,72.54390283903837,0.44984067235491443,10.07539801511948,0.0,7.024322943255412e-05
14.136616857292537,4.672046248283853,1.0331681356098792,71.464601324745,0.24514524977105823,8.448422184297659,0.0,0.0
13.116690481498418,3.4583314581104827,1.8605965376325626,72.61345462587805,0.021877257975048137,8.928849668495749,0.00019997040969263184,0.0
13.300063384266835,3.3096245703382605,1.7039714277674844,71.71658365043334,0.9325442349723,9.037212732221787,0.0,0.0
13.164237212730816,3.656252336980908,1.3937886628489542,72.8469899648712,0.595437659491939,8.342624018608955,0.0006701444672284671,0.0
13.697230937021407,3.5689854690493146,1.2031909958625817,72.41508647356717,0.6566186337711956,8.458887490728333,0.0,0.0
12.996617731676352,3.172230367158174,0.9256244601842305,73.62140689534895,0.33170559909356595,8.952304299558415,0.00011064698029887853,0.0
13.44487367990856,3.1841644715002126,1.060269848206787,72.4511755913952,0.6484212646492853,9.210684154615263,0.0004109897246876807,0.0
13.374263724499539,3.3553008510705324,1.460447303332281,72.01870182950994,0.6171800952539925,9.174106196333708,0.0,0.0
13.408040663665137,3.371330149213319,1.077950937952262,73.30313429787962,0.35958857768111074,8.479739097062355,0.00021627654618119017,0.0
13.12827252556973,2.0884067282999843,1.3022418562289941,74.13403939856572,0.5616366158052367,8.785402875530336,0.0,0.0
13.126475494822557,3.5991265067501685,0.9942099435360126,73.71447853641482,0.38435130094597125,8.181336491931098,0.0,2.172559935769033e-05
13.20017496055763,3.465685687246039,1.2789945366159123,73.7853182658169,0.0,8.26982654976352,0.0,0.0
13.788535068708262,3.628393857055383,1.1463838393486108,72.44774881372898,1.0330682030607183,7.955756616412479,0.00011360168557080211,0.0
13.854526078868485,3.3047198757719487,0.749614011346082,72.45741589839828,1.1690440685269587,8.464469978146138,0.0002100889421069686,0.0
13.13245132359957,2.7671382290302056,1.4284402331183481,73.82887945215894,0.31763046022464014,8.525460301868298,0.0,0.0
13.081583695868064,3.2968623631318343,1.5535536694525784,72.21782206349701,0.3052898780941197,9.544887638079848,6.918765613094104e-07,0.0
13.797642472745796,3.911698410961622,1.412334030566859,71.57760047509248,0.6320399864094005,8.668596636222,0.0,8.798800185368596e-05
13.845833170112165,1.9853060241099736,1.2249544416738072,73.3805193477056,0.5088170838060503,9.054523585503055,4.6347089330172486e-05,0.0
13.10154439534849,3.69065343967472,1.0097890486649672,72.9454676951829,0.17964004161604508,9.072905379512873,0.0,0.0
12.784602016092913,3.8261365463427586,1.3753162457749095,72.23616740983917,0.5107274088581855,9.267020205900746,3.0167191300818476e-05,0.0
14.050678991937097,3.07313403985871,1.8265304854067124,73.04118207522396,0.21504122772291479,7.7928160858325555,0.000617094018042311,0.0
13.122326426496054,3.257681171254697,1.163810733564253,73.0003059840021,0.5872901692956933,8.86858551538721,0.0,0.0
12.689562395137028,3.4552504599855616,1.0932993848351342,73.45635557169987,0.6662096025712355,8.638569952775356,0.0007526329958050369,0.0
13.289092959410503,3.692323476144042,1.7960758295934165,72.03186088862421,0.0,9.189839936077439,0.0008069101503861476,0.0
13.255519814108165,4.071293874214144,1.15990954670475,72.7494488470039,0.33065446417555194,8.433173453793485,0.0,0.0
13.657896971044936,2.50014537632828,1.0132039479350874,73.27403370460833,0.5924811242889336,8.961904948239926,0.00033392755449881614,0.0
13.864583308562528,3.6590564396291643,0.259442626283449,73.12030404345221,0.5958809517660251,8.500586437885831,0.0001461924207982188,0.0
13.71362005595939,3.3659114430073465,1.3525366278483464,72.76883239861294,0.45109250103378934,8.348006973538173,0.0,0.0
13.131169527105408,4.157353858330642,1.2057062773372123,71.41338281855512,0.943951696624133,9.148197730385238,0.00023809166225145176,0.0
13.560290703007794,4.808294094423707,1.0052468997526882,71.98779441129702,0.07371188520135523,8.562980082233775,0.0015833671232764015,9.855696038841696e-05
13.073708047792087,3.3466043655568525,1.4779113156520607,72.89119417347446,0.7777717207546222,8.432810376769934,0.0,0.0
13.862269108951674,2.6980131650355013,1.5783319591552953,72.11735722506712,0.4732271383262625,9.270801403464136,0.0,0.0
12.710452417005737,3.087736394375218,1.3145443165127921,74.83241146326013,0.019566951163977137,8.034383696129364,0.0009047615527669444,0.0
